1	3297
1	3202
1	1908
1	826
1	2563
1	2909
1	3291
1	398
1	3209
1	601
1	3290
1	1815
1	127
1	878
1	3220
1	730
1	3229
1	139
1	872
1	3280
1	3890
1	684
1	868
1	3237
1	3277
1	865
1	1820
1	1830
1	3530
1	2308
1	1832
1	2556
1	859
1	545
1	3722
1	2619
1	655
1	1843
1	843
1	1852
1	1470
1	644
1	624
1	2213
1	651
1	641
1	2214
1	2217
1	2218
1	1430
1	1579
1	3382
1	133
1	311
1	1115
1	3881
1	3376
1	758
1	1118
1	2226
1	3647
1	2235
1	763
1	2039
1	584
1	2845
1	3460
1	286
1	3458
1	701
1	774
1	3607
1	1709
1	2592
1	2254
1	2584
1	3842
1	1714
1	2742
1	642
1	579
1	1724
1	1316
1	3065
1	1386
1	3151
1	226
1	790
1	396
1	1764
1	792
1	142
1	2484
1	576
1	1165
1	3164
1	1630
1	2703
1	658
1	3172
1	3323
1	989
1	717
1	3779
1	3321
1	3315
1	3312
1	3656
1	1915
1	2277
1	3904
1	402
1	2438
1	814
2	3493
2	660
2	657
2	3517
2	977
2	975
2	401
2	3084
2	3085
2	3888
2	1558
2	1555
2	2543
2	1062
2	1548
2	1133
2	3131
2	1134
2	2895
2	1139
2	1142
2	1145
2	3828
2	1528
2	1773
2	2480
2	1510
2	1787
2	530
2	1795
2	895
2	889
2	887
2	884
2	3212
2	3228
2	3748
2	3233
2	3236
2	2343
2	1842
2	1851
2	557
2	2309
2	1868
2	3687
2	827
2	3294
2	821
2	3295
2	439
2	2591
2	572
2	130
2	3305
2	791
2	789
2	578
2	2258
2	3651
2	3336
2	3337
2	2251
2	582
2	3353
2	1070
2	591
2	1434
2	3377
2	3381
2	1905
2	134
2	3057
2	2198
2	3413
2	607
2	192
2	712
2	1360
2	706
2	3601
2	1364
2	2811
2	690
2	138
2	679
2	672
2	3485
2	3542
3	1039
3	3242
3	3352
3	3216
3	120
3	3522
3	2510
3	3603
3	666
3	3762
3	3126
3	2869
3	3123
3	787
3	3119
3	3187
3	2223
3	2821
3	3772
3	623
3	3373
3	3482
3	687
3	1315
3	3380
3	744
3	1107
3	3631
3	643
3	734
3	3800
3	729
3	3621
3	3575
3	3407
3	3899
3	634
3	796
3	1861
3	3136
3	853
3	2576
4	3472
4	1561
4	776
4	981
4	749
4	1553
4	3378
4	3609
4	834
4	3288
4	2825
4	2823
4	2578
4	67
4	1871
4	2999
4	404
4	3205
4	2623
4	823
4	2685
4	820
4	3595
4	3876
4	2955
4	1149
4	33
4	1102
4	1877
4	1886
4	2127
4	2358
4	696
4	2887
4	2172
4	2960
4	985
4	3887
4	3314
4	1652
4	3322
4	757
4	756
4	682
4	2299
5	1174
5	1164
5	1741
5	2930
5	264
5	698
5	3652
5	3346
5	1369
5	3875
5	2233
5	1433
5	1901
5	1636
5	2538
5	1098
5	167
5	2631
5	1071
5	2934
5	1622
5	1664
5	1471
5	559
5	3245
5	3232
5	3207
5	1040
5	3293
5	2679
5	2777
5	1796
5	3443
5	1930
5	2444
5	2608
5	980
5	3184
5	2557
6	3056
6	98
6	972
6	966
6	310
6	3001
6	1160
6	3166
6	90
6	2833
6	3292
6	815
6	3303
6	2242
6	732
6	2602
6	1384
6	1903
6	3657
6	3666
6	3778
6	1519
6	1532
6	1534
6	1538
6	3866
6	1685
7	1543
7	1311
7	2911
7	2850
7	2705
7	847
7	1514
7	2673
7	1486
7	3533
7	630
7	3027
7	2304
7	1720
7	844
7	1659
7	1849
7	108
7	1890
7	2760
7	1420
7	2061
7	2244
7	2487
7	3891
7	1522
7	1138
7	2192
7	3818
7	1718
7	2765
8	2129
8	1026
8	664
8	406
8	2332
8	560
8	1780
8	2317
8	37
8	136
8	2063
8	874
8	2200
8	2207
8	3523
8	598
8	3905
8	3592
8	2464
8	1782
8	1002
8	59
8	3641
8	854
8	1444
8	2234
8	53
8	526
8	2814
8	3003
8	3026
8	2831
8	3154
9	2156
9	2486
9	3944
9	993
9	3803
9	618
9	614
9	652
9	726
9	1567
9	2569
9	3636
9	1436
9	755
9	3648
9	775
9	2562
9	1891
9	3410
9	811
9	56
9	2933
9	2984
9	3140
9	2503
9	3149
10	3012
10	2839
10	2783
10	793
10	3892
10	2931
10	1899
10	860
10	2219
10	863
10	3570
10	2209
10	1181
10	2675
10	2191
10	3463
10	3486
10	2962
10	703
10	243
10	244
10	2855
10	2994
10	385
10	3282
10	1749
10	1872
11	2695
11	1383
11	2854
11	2197
11	2221
11	2658
11	1878
11	2281
11	1864
11	2342
11	2914
11	3215
11	2830
11	1058
11	3777
11	245
11	1743
11	1531
11	1038
11	1539
11	114
11	939
11	3116
11	1675
11	962
11	2632
12	2754
12	1117
12	3878
12	2964
12	1817
12	128
12	397
12	3437
12	2545
12	2326
12	3867
12	3335
12	769
12	925
12	3640
12	106
12	2892
12	200
12	75
12	3058
12	3495
12	864
12	2215
13	137
13	411
13	1811
13	1715
13	2768
13	1850
13	2776
13	561
13	3850
13	129
13	3853
13	566
13	228
13	1121
13	632
13	2636
13	1313
13	958
13	96
13	3563
13	3642
13	754
13	3796
13	2466
13	1793
13	119
13	1502
13	2998
13	503
13	3419
14	3025
14	2627
14	1153
14	2824
14	124
14	807
14	1349
14	2775
14	1423
14	1450
14	2773
14	567
14	1575
14	1656
14	1898
14	3581
14	2079
14	3492
14	212
14	2246
15	3940
15	1574
15	189
15	1154
15	1520
15	681
15	1989
15	751
15	3374
15	3351
15	3611
15	3883
15	2008
15	3283
15	2101
15	2298
15	2981
15	2388
15	2415
16	3860
16	131
16	3474
16	974
16	3625
16	3817
16	3050
16	1990
16	3333
16	649
16	1504
16	1144
16	3933
16	3137
17	3757
17	563
17	1807
17	2534
17	1116
17	3139
17	1651
17	1170
17	3644
17	1565
17	2913
17	2923
17	2257
17	1853
17	617
17	3574
17	2185
17	2963
17	1493
17	2740
17	375
17	2904
17	197
17	3490
18	2056
18	1501
18	3645
18	3465
18	146
18	394
18	771
18	3047
18	2834
18	283
18	2175
18	1168
18	2509
18	3880
18	1087
18	3121
18	251
18	2544
19	2211
19	1163
19	2452
19	2512
19	626
19	3585
19	638
19	1055
19	336
19	1770
19	359
19	3161
19	1549
19	178
19	1494
19	2350
20	3313
20	3464
20	2691
20	2164
20	2158
20	2157
20	1662
20	3637
20	1666
20	1632
20	1000
20	1846
20	2292
20	831
20	389
20	3775
20	633
20	2809
20	2865
20	3092
20	1657
20	2897
20	3344
20	1692
20	960
20	3862
20	992
20	3854
20	3848
20	645
20	2201
20	1412
21	1335
21	525
21	3894
21	287
21	2837
21	84
21	331
21	2074
21	3532
21	1437
21	1933
21	3162
21	1893
21	876
21	573
21	2189
21	2227
21	3670
21	1509
21	1822
21	3832
22	2047
22	1671
22	1455
22	1879
22	1728
22	3488
22	2873
22	2800
22	3941
22	1324
22	2715
22	3749
22	1421
22	219
23	2843
23	3935
23	967
23	1426
23	3402
23	3345
23	1076
23	3415
23	669
23	2737
23	1725
23	961
23	1067
23	298
23	570
23	148
23	1570
23	2397
23	1325
24	767
24	3192
24	430
24	877
24	3721
24	867
24	3902
24	3306
24	3309
24	478
24	1511
24	1679
24	3874
24	2256
24	1458
24	1857
24	2743
24	1533
24	3756
24	1406
24	274
24	3473
24	3776
25	3847
25	3106
25	2293
25	2305
25	841
25	1496
25	2483
25	392
25	2128
25	1328
25	2785
25	2767
25	3171
25	3349
25	2586
25	3830
25	659
25	2678
25	1814
26	1490
26	1767
26	3562
26	2674
26	3939
26	554
26	1880
26	3885
26	3665
26	1572
26	184
26	3924
26	2441
26	1063
26	3568
26	3573
26	2187
27	1874
27	2559
27	1583
27	2494
27	3938
27	3931
27	2426
27	2339
27	3329
27	3338
27	49
27	722
27	2196
27	702
27	3531
27	1477
28	3761
28	3540
28	38
28	214
28	2853
28	716
28	220
28	2666
28	3586
28	3845
28	1696
28	2896
28	2945
28	997
28	3319
28	824
28	297
28	462
28	583
28	3934
28	3942
28	2493
28	2864
28	1585
28	2577
28	263
29	418
29	1928
29	2579
29	1152
29	484
29	1312
29	1844
29	3781
29	295
29	2086
29	3797
29	3223
29	2778
29	3221
29	241
29	3122
29	3580
29	3400
29	2813
29	183
30	1613
30	3612
30	2482
30	600
30	250
30	1755
30	2131
30	386
30	40
30	685
30	1902
30	3559
30	850
30	202
30	3587
30	3222
30	2849
30	3843
31	2758
31	2755
31	447
31	1529
31	3673
31	2938
31	341
31	746
31	862
31	2992
31	1151
31	1114
31	2635
31	443
32	2894
32	3218
32	3913
32	2711
32	3403
32	619
32	2449
32	1926
32	753
32	2756
32	320
32	3520
32	1859
32	1906
32	1695
32	3906
32	1596
32	238
32	2727
32	1322
33	1123
33	3900
33	3240
33	324
33	3711
33	83
33	103
33	3311
33	2650
33	984
33	760
33	2847
33	3390
33	2766
33	3073
33	2205
33	1825
33	718
33	2886
33	3143
33	201
33	3110
33	2637
34	571
34	1119
34	3449
34	3805
34	1463
34	77
34	211
34	2878
34	3124
34	2537
34	3537
34	3610
35	568
35	3567
35	1053
35	2323
35	3667
35	3010
35	304
35	1068
35	2481
35	3331
35	476
35	1112
35	3002
35	3759
35	665
35	2593
35	1044
35	2626
35	1351
36	1169
36	1329
36	1809
36	1564
36	1551
36	1415
36	2620
36	2638
36	705
36	1508
36	1932
36	3021
37	496
37	957
37	2536
37	1669
37	1677
37	1547
37	1489
37	1829
37	3049
37	2103
37	3239
37	970
37	121
37	3597
37	2031
37	2979
37	2049
37	2552
37	3820
37	3569
38	3659
38	470
38	3434
38	460
38	2307
38	1867
38	2744
38	3132
38	254
38	2982
38	3816
38	452
38	3389
38	846
39	3855
39	656
39	2179
39	3446
39	3736
39	1668
39	2646
39	3922
39	3539
39	488
39	3442
40	3886
40	3884
40	3912
40	1317
40	2032
40	987
40	3632
40	3343
40	3851
40	391
40	384
40	1826
40	2566
40	3739
40	278
40	956
40	3951
40	1473
40	1563
40	3043
41	2630
41	2610
41	2810
41	2689
41	54
41	116
41	210
41	3780
41	2848
41	1910
41	2704
41	602
41	335
42	1798
42	3838
42	2055
42	2653
42	3133
42	1507
42	2842
42	869
42	495
42	3691
42	1105
42	704
42	510
42	2893
42	2884
42	343
42	2477
42	621
42	2465
42	294
42	2523
43	2345
43	301
43	1602
43	3731
43	1417
43	2876
43	2681
43	3804
43	3454
43	3945
43	3849
43	3367
43	1323
43	3339
43	885
43	2400
43	1310
43	808
43	2284
43	2286
44	3782
44	1860
44	3808
44	472
44	937
44	875
44	2237
44	1812
44	2479
44	1495
44	2341
44	3158
44	1525
44	97
44	2614
45	3677
45	3183
45	1925
45	2516
45	564
45	2977
45	3284
45	3719
45	240
45	55
45	3898
45	3320
45	1571
46	279
46	1439
46	2659
46	2618
46	2812
46	347
46	3276
46	3765
47	731
47	2440
47	463
47	3680
47	1771
47	1896
47	2655
47	813
47	3839
47	3674
47	498
47	2708
47	668
47	149
47	667
47	3921
47	1739
48	179
48	2590
48	888
48	3371
48	1472
48	2585
48	309
48	1497
48	291
48	3588
48	3433
48	2697
48	433
48	3318
48	1854
48	2573
49	1889
49	3870
49	409
49	1631
49	3144
49	3281
49	182
49	870
49	3014
49	499
49	3602
49	325
49	1546
49	1447
49	3626
49	2260
50	3655
50	3737
50	1180
50	1650
50	78
50	2733
50	1413
50	3414
50	3620
50	99
50	1331
50	1056
50	840
50	1113
50	1624
51	3605
51	3008
51	2652
51	896
51	3416
51	964
51	1869
51	1988
51	1756
51	1427
51	3790
51	3128
51	1759
51	3393
51	710
52	715
52	2647
52	2939
52	1516
52	2499
52	3903
52	1922
52	779
52	2515
52	2044
52	209
52	1428
52	80
52	1232
52	3289
52	2190
53	2104
53	1791
53	2663
53	113
53	3302
53	2362
53	1341
53	3695
53	2820
53	3031
54	1255
54	3664
54	3518
54	467
54	2507
54	268
54	2037
54	3950
54	963
54	990
54	2462
54	2285
54	313
54	828
54	1865
54	3188
54	2210
54	2751
55	1609
55	2045
55	1746
55	269
55	3947
55	536
55	1612
55	3395
55	1336
55	747
55	3069
55	577
56	3304
56	2835
56	3372
56	976
56	3833
56	3127
56	1326
56	670
57	803
57	2753
57	2035
57	1523
57	422
57	2925
57	3734
57	3241
58	2425
58	2368
58	1684
58	3692
58	369
58	603
58	3663
58	959
58	2180
58	2818
58	2667
58	1365
58	3806
59	2386
59	390
59	3496
59	1581
59	3428
59	759
59	882
60	2434
60	3577
60	68
60	806
60	1887
60	102
60	3596
60	3064
60	3857
60	3150
60	1582
61	166
61	326
61	565
61	3718
61	2283
61	2741
61	2885
61	3165
61	1943
61	27
61	1900
61	321
61	2790
62	2461
62	363
62	1703
62	3694
62	2594
62	2250
62	3679
62	580
62	487
62	3514
62	711
62	3310
62	3459
62	3141
62	2656
63	3368
63	2781
63	1397
63	1398
63	1482
63	1750
63	2868
63	2784
63	2446
63	1937
63	3787
63	271
64	1456
64	1837
64	3774
64	680
64	217
64	1731
64	1337
64	486
64	437
64	3109
64	2589
64	2597
65	3696
65	1604
65	3456
65	3013
65	3042
65	1595
65	3375
65	2007
65	2649
65	2972
66	255
66	2073
66	3211
66	3714
66	156
66	3511
66	2582
66	3920
66	3795
66	3138
66	3118
66	2625
66	3823
66	3491
67	453
67	513
67	2874
67	3716
67	609
67	61
67	615
67	2974
67	2609
67	354
67	1599
68	528
68	8
68	1881
68	2774
68	3487
68	3579
68	2607
68	3103
68	118
69	469
69	3075
69	2419
69	2905
69	1839
69	3746
69	3858
69	2621
69	988
69	893
69	2152
69	3658
69	505
69	152
69	3909
70	2276
70	3914
70	3112
70	3822
70	1241
70	3180
70	35
70	2062
71	449
71	1442
71	2665
71	3235
71	3732
71	3669
71	935
71	1550
71	365
71	2275
71	640
71	3340
71	3048
72	1856
72	1202
72	3199
72	2786
72	2965
72	3432
72	3447
72	408
72	3792
72	1870
72	2880
73	1545
73	3041
73	3417
73	3117
74	3423
74	3038
74	2295
74	2267
74	1642
74	2417
74	483
74	3427
74	30
74	2445
74	764
75	191
75	1601
75	631
75	424
76	2029
76	2098
76	1404
76	2271
76	87
77	2928
77	2769
77	917
77	1355
77	3224
77	1655
77	2238
77	1744
77	3547
77	635
77	3572
77	3743
77	3738
77	1934
77	881
78	3230
78	1006
78	833
78	639
79	3425
79	612
79	2255
79	270
79	117
79	2168
79	2113
79	2522
79	64
79	2738
80	242
80	275
81	1054
81	2983
81	1475
81	2075
81	2696
81	1626
81	982
81	1440
81	444
81	3768
81	3086
81	174
82	613
82	1733
82	1670
82	1454
82	3055
82	3553
82	3859
82	1936
82	973
82	2651
82	2780
82	3661
82	2511
82	206
83	2265
83	2844
83	2177
83	522
83	3810
83	3813
83	2264
84	1640
84	2521
84	1929
84	1600
84	927
84	3622
84	340
85	2488
85	697
85	3431
85	205
85	2437
85	1621
85	3590
85	3046
85	3713
85	2721
86	3370
86	461
86	302
87	2714
87	155
87	3720
87	2749
87	1216
87	3399
87	1654
87	458
87	3919
88	1646
88	3502
88	2682
88	3077
88	1661
88	1526
88	3715
88	1605
88	92
89	2204
89	416
89	650
89	2862
89	3837
89	93
89	3453
89	82
90	1046
90	2856
90	1647
90	2306
90	1236
90	414
90	3678
90	1410
91	2807
91	1184
91	132
91	725
91	1788
91	1940
91	1980
91	1987
91	2057
91	3217
91	2969
91	2801
92	3509
92	2330
92	3275
92	3908
92	3662
92	3619
92	3470
93	3076
93	3096
93	998
93	72
93	2472
93	606
93	456
93	2634
93	171
93	181
93	2084
93	929
94	1352
94	2661
94	1460
94	501
94	1167
94	3613
94	1111
94	421
94	1161
94	3895
95	2347
95	1841
95	2725
95	3379
95	2178
96	2356
96	2036
96	1162
96	3497
96	3943
96	2519
96	3391
96	71
97	944
97	66
97	3214
97	1008
97	489
97	1993
97	388
97	2239
97	3544
98	2495
98	2182
98	2970
98	2903
98	897
98	3726
98	1051
99	2927
99	57
99	126
99	13
99	2799
99	1981
99	2435
100	26
100	2327
100	190
100	2920
100	1758
100	3799
100	3946
100	445
100	569
100	1432
100	1362
100	766
100	978
101	3643
101	735
101	3094
101	3628
101	1816
101	2051
101	1004
102	2898
102	387
102	3872
102	9
102	1827
102	1332
102	2645
102	2570
102	2624
102	259
102	2587
103	2149
103	1535
103	3599
103	781
103	3357
103	2978
103	835
104	2937
104	3767
104	2050
104	1399
104	886
104	3017
104	1824
104	3923
104	2314
105	941
105	907
105	2548
105	809
105	393
105	465
105	3406
105	1984
105	187
105	1192
105	425
106	451
106	2066
106	3807
106	692
106	3901
107	743
107	3627
107	2669
107	1935
107	2940
107	2782
107	575
108	3330
108	229
108	1366
108	2988
108	1855
108	1043
109	1606
109	2165
109	1686
109	1629
109	2016
110	1069
110	3115
110	2418
110	2173
111	2975
111	63
111	1598
111	2351
112	3936
112	3725
112	1996
112	1979
112	2272
112	3840
112	1363
112	312
112	1592
113	2451
113	1998
113	2095
113	169
113	3401
113	3709
113	1904
113	1941
113	1667
114	79
114	257
114	334
114	1978
114	506
115	2491
115	123
116	159
116	1658
116	2460
116	1330
116	2514
116	1919
116	3557
117	3824
117	2899
117	523
117	521
117	199
117	2360
118	2932
118	3045
118	3130
118	2882
118	2181
119	1804
119	2500
119	2535
119	1942
119	352
119	3554
119	2325
119	2888
120	3758
120	346
120	810
120	74
121	2828
121	801
121	1003
121	691
121	627
121	3794
121	3600
121	2364
121	2290
121	1390
121	1305
122	1938
122	3690
122	3604
122	3225
122	3286
122	2436
123	213
123	1018
123	761
123	2498
123	2170
124	547
124	1484
124	3925
124	3182
125	2280
125	2817
126	1024
126	2443
126	1465
126	23
126	2337
127	305
127	1999
127	2967
127	1382
127	1986
127	3915
127	851
127	3571
127	360
128	2068
128	1623
128	100
128	2860
128	2212
128	3564
128	3436
128	662
128	2040
128	2151
129	2027
129	544
129	227
129	3287
129	1985
129	1176
129	3584
129	2241
130	2726
130	3120
130	2458
130	948
130	2169
130	3142
131	2561
131	2048
131	1498
131	1085
131	2526
131	829
132	936
132	556
132	1190
133	2996
133	3206
133	2851
133	135
133	1992
133	2924
133	1897
133	479
134	3327
134	1681
134	2310
134	2654
134	3475
135	1011
135	1836
135	839
135	2195
135	558
135	695
135	2757
135	3937
135	2660
135	3889
136	1306
136	1014
136	2365
136	2612
136	1419
136	3054
136	2554
137	548
137	2748
137	1726
138	3846
138	3616
138	248
138	1554
139	2492
139	2596
139	3063
139	3445
139	140
139	3028
139	177
140	2069
140	2154
140	637
140	2475
140	267
140	378
141	3689
141	2575
141	3457
141	1483
141	694
141	31
141	2354
141	436
141	581
141	3385
141	2956
141	358
141	3091
142	1863
142	1005
142	2370
143	65
143	3350
143	3864
143	459
143	3503
143	299
144	2629
144	3405
144	2166
144	2296
144	1468
144	328
144	258
144	709
144	3879
144	3015
144	2430
145	1503
145	782
145	3079
145	2041
145	700
145	1464
145	2935
146	2611
146	2432
146	1050
146	1273
146	2385
146	15
146	1474
147	234
147	3929
147	1187
147	1177
147	2184
147	3865
147	2119
147	2315
148	2024
148	1453
148	3747
148	2732
148	3728
148	3727
148	2816
149	2383
149	518
149	3011
149	3653
149	330
150	2382
151	3771
151	1794
151	842
151	3364
151	473
152	511
152	438
152	892
153	714
153	315
153	14
153	2525
154	3266
154	1082
154	2077
154	1707
155	502
155	3529
155	3480
155	3078
155	1699
156	1445
156	848
156	1016
156	2540
156	419
156	3672
156	3789
157	3392
157	18
157	3660
157	2829
157	549
158	2361
158	289
158	2043
158	1150
159	1361
160	1840
160	2798
160	2442
160	20
160	2943
160	12
160	3325
160	215
160	3550
161	2936
161	2261
161	3024
161	2900
161	946
161	3190
161	3051
161	2026
161	332
162	2633
162	1401
162	2017
162	1487
162	1593
162	2787
163	3181
163	2836
163	2639
163	3262
163	2506
163	2092
164	2852
164	2555
164	1875
164	1083
164	195
164	2902
164	2879
165	3134
165	3784
165	2789
165	3634
166	81
166	2148
166	427
166	43
166	46
166	2846
166	3167
167	3506
167	1913
167	2349
167	1797
167	2206
167	3918
168	1414
168	154
168	3177
168	239
168	290
168	3483
168	1806
168	1425
169	1034
169	1977
169	540
169	2546
169	2730
169	3606
170	277
170	2497
170	1128
170	4
170	991
171	2560
171	2771
171	1975
171	3272
171	943
171	2071
171	3773
171	765
172	262
172	1858
172	3200
173	1209
173	3387
173	2328
174	901
174	742
174	2381
174	1346
174	3036
175	574
175	1066
175	3412
175	2549
175	2263
176	2453
176	3538
176	1730
176	482
176	3834
176	3299
177	3500
177	2162
177	1848
177	3090
177	3341
178	504
178	76
178	550
178	3835
179	3896
179	1660
179	415
179	512
179	3598
179	2520
179	2183
179	3268
179	2331
179	28
180	2014
180	3926
180	2429
180	1785
180	3326
180	3646
181	147
181	2504
181	1515
182	1289
182	3594
182	3693
182	94
182	3877
182	1995
183	891
183	374
183	2060
183	2052
183	2550
183	2377
184	3786
185	490
185	2891
185	2752
185	3710
185	2106
186	2252
186	2952
186	3831
186	2091
187	2731
187	2320
187	429
187	938
187	157
187	906
188	3440
188	1353
188	947
188	3521
189	2615
189	818
189	2373
189	2551
189	1446
189	1649
189	2448
189	1866
189	918
189	932
190	3324
190	1760
190	3769
190	188
190	3029
191	3766
191	2176
192	3515
192	88
193	2870
193	2042
193	2473
193	407
194	1279
194	85
194	122
194	3066
194	1648
194	1099
195	2266
195	3135
195	218
195	3724
195	477
195	1983
196	2380
196	2171
197	2102
198	2439
198	1862
198	1948
198	1966
198	1173
198	1753
198	2038
199	2806
199	2866
199	2574
199	2208
199	3420
199	2107
199	3519
199	3676
199	3801
199	1976
200	3125
200	1972
200	2033
200	3910
200	3270
200	1665
201	2344
201	2142
201	1734
201	2259
201	3825
201	2729
202	2236
202	519
202	308
202	3248
203	203
203	204
203	533
203	3296
203	405
204	798
204	3204
205	2392
205	1946
205	176
206	542
206	1752
206	3022
206	931
206	2163
206	3097
206	3928
206	3754
207	2606
207	537
208	3093
208	417
208	3852
209	322
209	1191
209	1064
210	3422
210	1389
210	3394
210	3682
210	1727
211	186
211	1821
211	2877
211	381
212	491
212	1194
212	3347
212	371
212	280
213	2907
213	3111
213	194
213	1799
213	2202
213	2097
213	688
213	1951
214	2568
215	282
215	2929
215	3030
215	949
215	2123
215	1973
215	2357
215	3426
216	1281
216	1131
216	1340
216	611
216	1461
216	464
217	728
217	2269
217	193
217	2387
218	837
218	256
218	1683
219	207
219	1392
219	3814
219	2553
219	2159
219	3466
219	1949
219	3404
220	175
220	1783
220	3194
220	3430
220	2670
220	1132
221	338
221	2025
221	2099
221	1023
221	42
221	423
222	3444
222	2136
222	3729
222	1359
222	3074
223	3930
223	3342
223	2399
223	3546
224	73
224	2693
224	3032
225	2379
225	2736
225	1931
225	3179
226	1226
226	2279
226	605
227	3516
227	1762
227	1615
228	448
228	276
228	1251
228	450
229	2745
229	89
230	1290
230	1178
230	1772
230	2677
231	1713
231	2147
231	1130
231	1205
232	3213
232	3932
232	1431
232	1007
232	986
232	2709
233	281
233	2203
233	2232
233	804
233	2122
234	3882
234	3742
234	1015
235	2558
235	2583
235	3783
235	233
236	1611
236	86
236	2316
236	1939
237	836
237	879
237	3707
238	2644
238	1348
238	2372
238	2135
238	2240
238	1542
239	2249
239	362
239	1991
239	2089
239	719
239	2859
240	1541
240	2796
241	1227
241	2922
241	3741
241	3861
242	2120
242	1010
242	1211
242	1971
242	41
243	307
244	3102
244	273
244	2374
244	1218
245	3764
245	3819
245	3365
245	2121
245	413
246	3788
246	3700
246	2772
247	2459
247	1021
248	516
248	3821
248	3018
249	2090
249	1924
250	2906
250	1627
251	3197
251	366
251	945
251	3439
252	3089
252	1689
252	1963
252	3004
253	965
253	3169
253	101
254	2022
254	446
254	225
256	2114
256	107
256	996
257	351
257	1264
257	237
258	373
258	1013
258	3153
259	2188
259	2457
259	2408
259	1873
259	3145
259	158
260	3549
261	249
262	2083
262	1342
263	1735
263	2822
263	428
264	599
264	2389
264	3208
264	1833
264	663
264	2070
265	1643
265	3366
265	1480
265	2793
266	2676
266	2447
266	1633
266	2524
266	1295
266	1457
266	3478
267	2155
267	3708
267	355
267	3238
267	1354
268	3469
268	1970
268	361
268	1927
268	2059
269	952
269	1189
269	3501
269	426
269	3723
270	383
271	3675
271	3307
271	3477
271	971
271	2815
272	382
272	2505
273	319
273	2517
273	861
273	3099
273	2668
274	2412
274	3548
274	1969
274	3429
274	1057
275	3629
275	707
275	3061
276	3251
276	3384
276	2093
276	1017
277	1147
277	3565
277	2883
277	1280
278	2117
278	616
279	3467
279	3917
280	2961
280	2764
280	2287
280	3873
280	2941
281	2613
281	1422
282	1416
284	2456
284	1701
284	3576
285	2750
285	455
285	261
285	3812
285	1286
286	534
286	2422
286	999
287	1033
287	2889
288	1488
288	2153
288	3129
289	3316
289	1588
289	3733
290	2322
291	1009
291	2946
291	2875
292	942
292	950
293	1025
293	3243
294	2518
294	481
294	3308
295	412
295	830
295	1395
295	3498
295	3649
295	3007
295	2338
295	2034
296	5
297	1429
297	2132
298	3388
298	493
298	3355
298	1884
298	762
299	1237
300	737
300	314
300	2346
300	2476
300	3189
301	2363
301	1845
301	1012
301	2404
301	535
302	921
302	1964
302	2567
302	3484
302	1702
303	1381
303	2072
304	934
304	1688
304	3163
304	3802
304	3566
304	3949
304	2348
304	2130
305	3760
305	2138
305	3871
305	3462
305	2513
306	3841
306	678
306	911
306	2802
306	2867
306	1895
307	1594
308	507
308	3146
308	1260
309	2367
310	1303
311	44
312	2401
312	2111
312	2531
312	475
314	741
314	3328
315	538
315	3040
316	2282
317	1974
317	1126
317	2921
317	2971
317	1268
318	125
319	69
319	1769
319	1031
319	2819
320	2318
320	3494
321	1672
321	1438
321	170
321	3528
322	3244
323	1030
324	880
324	2467
325	1243
325	3198
325	2303
325	2376
325	3681
326	236
326	2262
327	3265
327	3071
328	2827
328	3556
328	3271
329	222
330	2901
330	2390
330	1300
331	2312
331	3452
332	2643
333	3155
334	306
335	492
337	1687
338	799
338	1334
338	3770
338	531
339	3258
339	3688
340	3249
341	3053
341	2995
341	3398
341	2953
342	3593
343	3034
343	900
343	2474
344	2340
344	1027
344	805
344	1096
345	2231
345	2779
345	3615
345	3000
346	514
346	232
346	2803
346	2112
346	2950
348	1950
348	3927
348	1603
349	230
350	3451
350	376
350	468
350	546
350	1537
351	1693
351	1238
352	2146
352	3062
352	420
353	3633
353	1810
353	3461
353	3067
354	2861
354	1518
354	3152
354	2416
354	1916
355	3505
355	1327
355	2297
355	2143
355	216
356	3088
356	3668
356	2747
357	60
357	1217
358	327
358	2532
358	3684
358	1245
358	3397
359	3201
360	2496
360	3811
360	3525
361	1344
361	2082
362	1619
362	168
362	145
362	2942
363	2118
363	1277
364	1367
364	1944
364	1920
365	2530
365	915
365	2247
365	3508
365	3712
366	3250
366	1835
367	1556
367	252
367	2110
368	1175
369	431
369	1379
369	2139
369	3618
370	1388
371	2301
372	2565
372	1914
372	2004
372	1078
373	1091
373	1301
373	2720
374	905
374	520
374	2468
374	1061
375	2808
375	3836
375	2411
378	22
378	940
379	164
379	2414
379	1086
379	3068
380	2398
380	1459
380	2015
380	3705
381	2053
381	1719
382	48
382	517
382	1411
383	3156
383	2718
383	272
383	954
385	1125
385	784
385	2794
385	2990
386	674
386	2334
386	928
386	224
387	105
387	1298
387	1888
388	3952
388	2010
388	1754
389	19
389	3507
389	532
390	2690
390	783
391	1801
391	2672
391	2919
392	1020
392	1409
392	432
394	3196
394	3083
395	1616
395	1620
395	2702
397	2403
397	951
398	3185
399	1499
399	2857
400	3551
401	2402
401	2410
401	1892
402	1103
403	29
403	3259
403	926
403	1283
404	2993
404	2141
405	1124
405	3826
406	2648
407	1135
408	3844
409	1350
410	2485
410	2600
410	333
412	370
413	955
413	3686
413	2378
414	2471
415	1171
415	2622
416	2125
416	494
416	3019
416	724
417	748
417	909
418	585
418	2375
418	303
419	2840
419	3617
420	2335
420	3513
420	1100
421	2713
421	3744
421	3035
422	2991
422	2009
423	3285
425	2989
425	916
426	2728
426	1224
427	802
428	372
428	1614
429	2966
429	3261
430	2759
431	3186
431	52
431	3869
433	3254
433	144
434	2450
434	1047
434	1081
435	3791
436	379
437	3916
438	720
438	3274
438	2116
440	2253
441	647
442	2687
442	1297
443	933
443	2413
443	3545
445	2409
445	2926
445	930
446	3358
447	3219
447	3016
448	1792
448	2805
448	3706
450	515
450	2739
450	994
450	3468
451	180
451	1347
451	2788
451	1049
452	1955
452	1274
453	3730
453	1185
453	1254
453	3159
454	3512
455	1717
455	348
456	671
456	1120
457	2313
458	172
458	7
459	2735
459	3409
460	2973
460	786
461	3334
461	1385
461	3639
462	1449
463	3798
463	410
463	2533
464	1680
466	2734
469	345
469	1566
470	2311
470	922
471	1694
471	1894
471	2088
472	1257
473	1223
474	2431
474	1041
474	1678
474	2912
475	1591
475	3246
475	2463
475	1644
475	3441
475	1405
476	524
476	2719
477	2421
477	247
477	3269
478	3827
478	3
478	562
479	2065
479	1059
480	1212
480	3260
480	2454
481	1441
482	2186
483	3267
483	1104
483	3173
485	3168
485	628
487	3635
487	2841
489	3536
490	1907
491	162
492	1589
493	2986
493	2420
493	1834
495	2126
495	3735
496	3317
497	2137
497	3203
498	596
498	1590
499	1882
499	1476
500	485
501	58
501	838
502	3654
504	2917
504	3701
505	3534
506	2469
506	1982
507	1635
507	1956
509	3178
510	2134
511	849
511	2642
511	2096
512	3264
513	2428
514	2245
514	1248
515	2423
515	350
516	3087
518	2863
518	342
519	1945
520	3359
520	3157
521	3095
522	2951
523	2384
524	3020
525	661
525	1032
527	1911
528	1042
529	552
530	1958
533	2598
533	435
534	3524
534	3438
535	3745
536	2046
540	163
541	1779
541	1284
541	2133
541	62
542	3614
542	3479
542	3300
544	45
545	3685
548	1357
548	3098
548	1261
549	2795
549	1321
550	196
551	3435
553	553
554	151
554	1967
555	3252
557	1586
557	2976
558	2792
558	3060
559	2541
559	1253
559	3893
560	3752
560	1296
561	508
562	1186
562	1378
563	673
563	1479
564	832
564	173
564	2067
564	3113
565	160
565	2662
565	2085
565	2717
567	1345
568	1029
569	185
569	2478
570	112
571	1095
572	866
572	1587
573	2109
573	466
575	1019
577	3273
577	1022
578	2333
579	2394
582	898
583	2686
583	3044
584	3717
584	3740
588	2501
589	2018
590	3360
590	3298
591	1292
591	3037
593	1271
594	1256
594	2087
598	2722
599	471
599	2371
602	3301
605	198
606	1562
608	509
608	1885
611	3070
612	2433
612	653
613	1373
613	3785
613	1921
615	852
615	1037
615	1172
616	1203
616	2539
618	610
622	2013
623	3100
624	24
624	2581
624	2616
625	2542
626	1959
626	2528
626	1805
626	3257
627	2273
628	3683
628	1711
628	2019
628	2664
628	3591
630	800
630	3535
634	1957
634	2707
636	2527
636	914
636	1960
638	95
640	3005
640	2329
640	442
641	317
643	441
643	3697
645	1272
645	2294
646	2949
650	2724
651	208
652	3638
652	1962
654	2076
657	3911
657	745
658	2300
658	555
658	3863
660	231
663	1952
664	2078
664	1883
666	1485
666	3247
667	3476
667	1831
667	3263
667	497
669	1918
671	1293
672	1269
672	1339
673	339
673	2405
674	2761
675	586
676	1188
676	902
677	1228
679	708
680	3105
680	1093
682	141
682	16
682	543
682	104
686	434
686	1084
687	1088
687	1343
688	3504
691	2688
692	3868
693	2145
693	337
695	2150
696	1262
697	1235
699	2161
700	288
700	2572
700	1263
701	3763
701	2
703	2359
704	1287
705	300
705	266
707	2944
710	2140
711	3148
712	2160
714	2124
715	968
716	2005
716	246
718	1244
719	1466
719	2144
720	529
722	3489
722	3704
723	2580
724	1729
729	2871
729	953
730	3698
732	1299
733	1249
733	1333
733	292
734	353
736	2094
738	253
740	1663
741	2288
741	1275
742	2872
744	3396
744	1077
745	2391
750	1231
750	2826
751	899
751	1092
751	778
751	1965
755	1513
756	3386
756	2366
760	161
761	1947
763	594
765	785
765	1267
765	3362
765	3104
766	344
768	1302
771	2948
772	265
773	2490
773	2020
774	2023
776	2003
777	153
777	2605
779	1690
780	2671
781	3424
786	2881
786	1060
789	2021
789	2243
791	3624
791	2694
792	1371
793	3354
795	1994
798	2064
799	2058
802	368
802	2193
802	2002
802	3101
803	2427
803	1285
806	2278
807	2393
809	3450
809	2167
811	3526
811	1597
817	3809
817	1380
820	1569
821	3510
822	1201
824	454
825	165
825	2108
826	1645
831	1204
832	910
835	17
838	2352
838	500
838	2424
839	3039
839	3543
840	2369
846	2641
850	2908
852	2915
853	2723
855	1246
861	3608
861	1953
862	1722
862	3948
862	3082
864	2080
865	3699
869	3107
872	2502
874	3174
874	1748
882	1625
882	1035
882	1148
884	3006
884	1129
884	3499
885	1179
885	1997
886	3210
886	1407
888	10
895	1876
897	2947
899	3033
902	2701
905	903
907	1747
908	3555
908	1912
909	1777
912	2470
913	1199
914	70
914	2248
923	293
925	1320
926	1080
927	1375
927	235
928	36
928	1207
930	1276
935	2770
936	2746
938	2336
938	1250
940	6
943	1282
945	2712
945	3108
945	1215
948	788
948	440
954	1552
966	1639
967	3552
970	2105
972	474
975	1408
978	2289
980	25
982	3072
983	2006
986	539
988	2353
989	3052
989	1183
990	329
990	3363
994	3897
996	1909
996	551
997	1266
1001	1372
1001	1233
1005	1682
1006	2407
1007	2617
1010	1101
1010	2968
1011	2001
1011	1028
1013	3755
1021	2890
1031	1377
1033	11
1034	3703
1035	2081
1043	913
1045	2054
1046	1674
1046	597
1049	1234
1050	904
1052	3256
1057	969
1059	349
1060	595
1061	2268
1066	3081
1066	3702
1071	2455
1072	2692
1074	1391
1076	1608
1077	1653
1082	3448
1086	2302
1087	1258
1089	2763
1091	1396
1095	3361
1097	1732
1099	3255
1099	1294
1110	736
1110	1917
1112	1242
1113	3160
1116	316
1116	923
1118	1288
1119	3671
1120	3253
1121	364
1124	587
1126	1376
1127	2194
1127	2115
1128	1673
1129	1954
1135	1370
1136	1500
1137	47
1143	1090
1148	2012
1152	2324
1156	920
1158	2321
1158	2011
1162	2529
1163	1676
1163	2100
1176	1208
1177	1358
1179	367
1185	1252
1193	1278
1199	1641
1205	1517
1207	3421
1220	2395
1222	3147
1222	2640
1229	1094
1229	1206
1229	2985
1233	2657
1233	357
1237	2710
1240	111
1240	3753
1251	150
1254	1222
1255	1544
1259	1089
1261	1247
1263	1219
1269	2700
1297	3527
1310	1356
1313	1073
1313	3623
1315	908
1315	3408
1326	1079
1329	3751
1330	1961
1331	3176
1334	1230
1340	733
1341	1220
1345	2406
1351	588
1352	2804
1353	1393
1356	21
1362	39
1367	750
1367	2699
1371	1923
1373	3481
1377	1527
1382	1225
1382	1584
1389	2706
1400	380
1412	223
1417	3418
1419	1304
1421	1573
1424	1784
1431	592
1434	2683
1434	1394
1448	1374
1451	3471
1451	2959
1451	590
1473	2291
1473	2918
1491	2797
1495	2174
1511	3793
1511	32
1522	2599
1527	648
1539	1968
1546	1721
1548	1704
1568	1307
1585	3114
1599	1136
1627	2000
1628	1291
1650	377
1652	1610
1657	1213
1666	1036
1669	912
1692	1221
1697	1387
1703	2355
1715	1127
1716	924
1718	919
1725	1193
1728	3175
1730	780
1731	2791
1751	34
1783	50
1785	1259
1799	2987
1800	541
1820	1200
1924	3578
1995	457
1996	2916
2024	1214
2077	1
2098	1240
2171	296
2181	2716
2194	356
2223	858
2227	318
2241	2997
2250	2628
2269	1097
2278	1265
2288	1617
2304	527
2318	1197
2369	2396
2443	110
2459	2762
2513	608
2514	1198
2538	1580
2578	593
2583	1270
2590	2571
2649	589
2653	2028
2672	480
2883	1210
2990	1196
2991	260
3428	2858
